363,229,117,43
364,278,117,51
367,334,115,54
367,389,117,56
367,450,118,45
367,503,119,41
372,554,110,42
372,606,112,45
370,659,121,36
253,662,113,42
371,712,110,38
374,762,111,39
250,764,121,40
254,717,112,31
376,813,109,46
250,815,121,43
258,869,113,47
373,866,116,54
377,924,114,38
256,923,114,38
632,228,107,45
626,281,112,41
623,333,116,48
632,387,123,54
631,442,120,51
637,496,115,47
641,548,111,46
637,597,119,48
641,650,114,52
637,703,119,50
637,758,114,47
637,801,116,51
768,225,98,44
765,276,106,46
767,331,108,51
755,388,111,46
755,438,118,50
758,497,117,46
758,552,116,41
759,602,114,41
762,651,110,49
766,705,106,43
762,756,107,42
757,805,115,49
759,862,116,47
640,859,112,53
643,915,117,48
763,917,111,43
1006,165,111,58
1015,257,101,53
1014,351,103,52
1008,440,109,42
1021,491,110,43
1023,543,109,47
1032,594,100,40
1028,701,107,43
1021,751,110,50
1016,805,120,44
1016,857,120,46
1010,910,127,52
1139,189,107,52
1141,277,103,60
1140,378,113,56
1133,440,116,43
1139,489,110,52
1137,542,112,48
1141,597,109,41
1142,702,103,43
1139,751,113,46
1140,803,109,43
1145,854,108,46
1145,910,104,47
1399,269,113,51
1401,321,110,47
1400,369,113,52
1406,425,106,41
1404,472,111,54
1405,531,110,38
1404,576,112,45
1399,627,116,49
1403,679,114,49
1402,729,110,54
1406,787,111,48
1405,842,112,51
1399,897,120,51
1526,896,117,57
1531,837,110,49
1526,781,113,46
1526,730,117,51
1521,676,119,47
1524,625,110,45
1525,576,109,43
1529,523,108,45
1518,471,113,48
1521,418,108,53
1521,371,107,45
1529,316,102,50
1517,270,104,50
